2019_WC_LS_Hongyi.mp4 34.41 24.12 6.18 5.79 6.07 6.07 6.04 1
2019_WC_LS_Elzbieta.mp4 28.1 20.85 5.5 5.0 5.21 5.21 5.14 1
2019_WC_LS_Marina.mp4 30.44 22.83 5.86 5.54 5.71 5.71 5.71 1
2019_WC_LS_Julia.mp4 29.52 23.59 5.89 5.68 6.0 5.93 6.0 1
2019_WC_LS_Valentina.mp4 28.11 22.14 5.68 5.25 5.57 5.64 5.54 1
2019_WC_LS_Pernille.mp4 30.79 23.57 6.04 5.57 6.0 5.89 5.96 1
2019_WC_LS_Dasa.mp4 32.8 24.78 6.36 5.93 6.11 6.25 6.32 1
2019_WC_LS_Eva.mp4 31.17 24.21 6.07 5.93 6.07 6.11 6.07 1
2019_WC_LS_Alexandra.mp4 33.01 23.68 5.96 5.79 6.0 5.96 5.89 1
2019_WC_LS_Natasha.mp4 31.09 25.31 6.29 6.07 6.39 6.39 6.5 1
2019_WC_LS_Roberta.mp4 28.2 23.3 5.96 5.64 5.89 5.75 5.89 1
2019_WC_LS_Ekaterina.mp4 32.35 24.83 6.32 5.96 6.18 6.25 6.32 1
2019_WC_LS_Anita.mp4 27.77 25.3 6.54 6.11 6.29 6.32 6.36 1
2019_WC_LS_Sophia.mp4 26.41 22.31 5.68 5.32 5.57 5.64 5.68 1
2019_WC_LS_Anastasiya.mp4 24.95 22.8 5.82 5.43 5.71 5.86 5.68 1
2019_WC_LS_Aurora.mp4 26.37 23.46 6.11 5.71 5.82 5.93 5.75 1
2019_WC_LS_Isadora.mp4 30.43 24.77 6.25 6.0 6.18 6.25 6.29 1
2019_WC_LS_Kyarha.mp4 20.28 21.57 5.57 5.21 5.29 5.5 5.39 1
2019_WC_LS_Kailani.mp4 26.51 24.31 6.32 5.89 5.93 6.18 6.07 1
2019_WC_LS_Yi.mp4 32.83 25.77 6.5 6.32 6.5 6.46 6.43 1
2019_WC_LS_Alexia.mp4 26.88 24.63 6.29 5.96 6.07 6.29 6.18 1
2019_WC_LS_Emmi.mp4 27.11 27.11 7.04 6.64 6.64 6.86 6.71 1
2019_WC_LS_Loena.mp4 34.01 29.59 7.5 7.21 7.39 7.43 7.46 1
2019_WC_LS_NicoleS.mp4 35.07 28.11 6.96 6.75 7.18 7.07 7.18 1
2019_WC_LS_NicoleR.mp4 24.42 26.8 6.75 6.46 6.68 6.86 6.75 1
2019_WC_LS_Ivett.mp4 27.62 27.25 6.71 6.57 6.89 6.89 7.0 1
2019_WC_LS_Alaine.mp4 29.83 27.06 6.96 6.54 6.71 6.86 6.75 1
2019_WC_LS_Eliska.mp4 30.54 26.59 6.75 6.43 6.75 6.64 6.68 1
2019_WC_LS_Gabrielle.mp4 36.75 32.44 8.18 7.86 8.11 8.11 8.29 1
2019_WC_LS_Eunsoo.mp4 40.43 32.48 8.18 7.89 8.21 8.07 8.25 1
2019_WC_LS_Mariah.mp4 39.11 32.15 8.04 7.79 8.11 8.11 8.14 1
2019_WC_LS_Elizabet.mp4 41.78 34.18 8.5 8.36 8.61 8.64 8.61 1
2019_WC_LS_Laurine.mp4 27.87 28.94 7.46 7.04 7.14 7.25 7.29 1
2019_WC_LS_Sofia.mp4 38.71 31.71 7.89 7.71 8.04 8.0 8.0 1
2019_WC_LS_Kaori.mp4 41.98 34.88 8.89 8.54 8.75 8.68 8.75 1
2019_WC_LS_Brandie.mp4 36.09 33.41 8.43 8.14 8.39 8.39 8.43 1
2019_WC_LS_Satoko.mp4 36.37 34.23 8.54 8.39 8.61 8.57 8.68 1
2019_WC_LS_Evgenia.mp4 37.6 36.63 9.07 8.93 9.21 9.29 9.29 1
2019_WC_LS_Rika.mp4 36.92 33.98 8.57 8.29 8.5 8.54 8.57 1
2019_WC_LS_Alina.mp4 44.72 37.36 9.21 9.18 9.39 9.43 9.5 1
